89
263
484
722
965
1199
1413
1622
1819
2010
2205
2398
2592
2783
2959
3134
3304
3474
3630
3771
3903
4036
4169
4301
4416
4528
4629
4727
4820
4907
4985
5061
5124
5183
5240
5300
5350
5389
5421
5452
5493
5526
5549
5568
5577
5577
5561
5534
5505
5472
5436
5401
5377
5348
5314
5276
5220
5157
5085
5002
4914
4823
4733
4631
4523
4397
4265
4133
3994
3844
3694
3535
3374
3201
3023
2844
2653
2460
2258
2056
1852
1638
1411
1176
942
714
482
263
89
