2628
7880
15752
26240
39340
55048
73360
94272
117780
143880
172568
203840
237692
274120
313120
354688
398820
445512
494760
546560
600908
657800
717232
779200
843700
910728
980280
1052352
1126940
1204040
1283648
1365760
1450372
1537480
1627080
1719168
1813740
1910792
2010320
2112320
2216788
2323720
2433112
2544960
2659260
2776008
2895200
3016832
3140900
3267400
3396328
3527680
3661452
3797640
3936240
4077248
4220660
4366472
4514680
4665280
4818268
4973631
5131347
5291358
5453535
5617687
5783599
5950953
6119390
6288616
6458343
6628382
6798580
6968834
7139070
7309253
7479368
7649338
7819184
7988914
8158515
8328009
8497353
8666557
8835643
9004611
9173449
9342146
9510724
9679185
9847497
10015678
10183700
10351565
10519304
10686933
10854434
11021767
11188974
11356073
11522991
11689780
11856432
12022929
12189269
12355523
12521690
12687688
12853529
13019219
13184789
13350225
13515497
13680656
13845646
14010497
14175216
14339769
14504187
14668451
14832543
14996517
15160341
15324030
15487579
15650966
15814237
15977383
16140386
16303262
16466001
16628610
16791091
16953433
17115654
17277743
17439702
17601498
17763159
17924629
18085922
18247077
18408130
18569044
18729836
18890487
19051018
19211364
19371608
19531700
19691617
19851390
20011010
20170503
20329847
20489003
20648010
20806898
20965672
21124300
21282769
21441141
21599392
21757490
21915456
22073322
22231045
22388633
22546079
22703392
22860563
23017583
23174419
23331109
23487624
23644029
23800286
23956427
24112448
24268333
24424058
24579657
24735111
24890423
25045595
25200654
25355564
25510335
25664984
25819505
25973891
26128155
26282279
26436279
26590115
26743810
26897364
27050774
27204076
27357219
27510245
27663112
27815841
27968437
28120910
28273228
28425392
28577434
28729360
28881149
29032806
29184318
29335702
29486926
29638020
29788988
29939815
30090465
30240992
30391421
30541717
30691896
30841913
30991804
31141573
31291206
31440679
31590031
31739203
31888238
32037126
32185850
32334442
32482928
32631265
32779436
32927520
33075422
33223224
33370932
33518524
33665978
33813319
33960550
34107683
34254690
34401532
34548230
34694782
34841157
34987376
35133456
35279408
35425235
35570911
35716423
35861753
36006948
36152000
36296926
36441711
36586370
36730926
36875376
37019692
37163902
37307991
37451976
37595833
37739547
37883090
38026499
38169753
38312894
38455906
38598812
38741567
38884186
39026665
39169006
39311180
39453198
39595071
39736824
39878429
40019876
40161165
40302313
40443335
40584216
40724968
40865572
41006075
41146457
41286733
41426863
41566845
41706738
41846502
41986117
42125577
42264898
42404117
42543171
42682093
42820870
42959500
43098012
43236359
43374558
43512617
43650554
43788369
43926084
44063638
44200996
44338240
44475346
44612331
44749174
44885892
45022460
45158897
45295154
45431292
45567290
45703156
45838921
45974538
46110023
46245396
46380670
46515790
46650767
46785584
46920241
47054769
47189199
47323481
47457610
47591569
47725340
47858964
47992464
48125809
48259009
48392056
48524972
48657735
48790373
48922924
49055355
49187586
49319654
49451575
49583374
49715043
49846564
49977964
50109231
50240332
50371313
50502162
50632843
50763383
50893797
51024069
51154233
51284265
51414166
51543948
51673544
51803001
51932335
52061520
52190581
52319515
52448298
52576925
52705432
52833761
52961939
53090018
53217932
53345676
53473245
53600686
53727991
53855164
53982189
54109101
54235869
54362479
54488956
54615316
54741541
54867620
54993579
55119394
55245046
55370544
55495917
55621176
55746271
55871197
55995956
56120587
56245109
56369504
56493749
56617837
56741810
56865652
56989330
57112865
57236269
57359547
57482672
57605672
57728595
57851356
57973976
58096453
58218781
58341005
58463125
58585113
58706931
58828605
58950146
59071552
59192798
59313899
59434870
59555672
59676363
59796936
59917365
60037631
60157777
60277776
60397631
60517356
60636949
60756412
60875758
60994963
61114028
61232961
61351782
61470460
61588968
61707392
61825686
61943812
62061784
62179647
62297359
62414914
62532343
62649622
62766820
62883900
63000827
63117609
63234249
63350742
63467128
63583404
63699554
63815589
63931481
64047232
64162871
64278343
64393699
64508939
64624045
64738979
64853759
64968405
65082910
65197250
65311440
65425498
65539423
65653202
65766836
65880356
65993771
66107006
66220095
66333012
66445805
66558471
66671039
66783475
66895816
67008028
67120099
67232028
67343768
67455363
67566829
67678120
67789289
67900326
68011225
68121962
68232529
68342984
68453303
68563521
68673556
68783427
68893154
69002770
69112225
69221554
69330770
69439871
69548852
69657697
69766348
69874829
69983186
70091408
70199495
70307472
70415324
70523024
70630557
70737974
70845227
70952323
71059262
71166060
71272706
71379187
71485531
71591759
71697819
71803722
71909458
72015082
72120580
72225965
72331208
72436334
72541337
72646174
72750840
72855399
72959816
73064106
73168252
73272252
73376123
73479847
73583478
73686977
73790346
73893587
73996621
74099549
74202326
74304950
74407473
74509858
74612084
74714184
74816132
74917950
75019615
75121156
75222541
75323767
75424874
75525847
75626669
75727392
75827978
75928448
76028768
76128962
76229020
76328930
76428682
76528292
76627756
76727080
76826239
76925300
77024228
77123028
77221694
77320214
77418601
77516864
77614996
77713008
77810872
77908567
78006122
78103539
78200829
78297985
78395025
78491931
78588736
78685436
78781983
78878378
78974662
79070802
79166828
79262709
79358452
79454075
79549554
79644928
79740124
79835212
79930219
80025055
80119746
80214283
80308657
80402851
80496919
80590840
80684594
80778223
80871705
80965011
81058202
81151237
81244127
81336841
81429414
81521837
81614117
81706231
81798236
81890102
81981837
82073425
82164915
82256277
82347475
82438528
82529459
82620245
82710901
82801428
82891883
82982172
83072312
83162284
83252109
83341804
83431335
83520766
83610070
83699268
83788319
83877185
83965909
84054516
84142965
84231266
84319448
84407482
84495418
84583175
84670815
84758319
84845694
84932897
85019992
85106938
85193741
85280365
85366871
85453246
85539484
85625553
85711502
85797315
85882989
85968492
86053855
86139077
86224206
86309187
86394025
86478723
86563320
86647829
86732210
86816504
86900671
86984712
87068575
87152325
87235985
87319490
87402865
87486073
87569115
87652047
87734870
87817563
87900140
87982570
88064886
88147078
88229160
88311080
88392844
88474490
88556067
88637456
88718713
88799825
88880799
88961673
89042422
89123014
89203503
89283871
89364081
89444167
89524110
89603908
89683584
89763113
89842485
89921716
90000862
90079840
90158674
90237349
90315917
90394306
90472552
90550673
90628657
90706488
90784193
90861756
90939210
91016495
91093645
91170697
91247605
91324358
91400989
91477455
91553787
91629942
91706003
91781966
91857796
91933446
92008945
92084288
92159514
92234579
92309507
92384257
92458883
92533408
92607831
92682106
92756222
92830227
92904089
92977824
93051451
93124938
93198324
93271554
93344593
93417482
93490290
93562964
93635519
93707927
93780204
93852344
93924373
93996271
94068012
94139587
94211047
94282374
94353545
94424587
94495492
94566263
94636915
94707467
94777863
94848099
94918239
94988265
95058181
95127956
95197587
95267125
95336529
95405808
95474947
95543914
95612770
95681426
95749972
95818409
95886718
95954933
96022982
96090920
96158699
96226324
96293816
96361169
96428380
96495478
96562430
96629230
96695890
96762393
96828781
96895066
96961232
97027262
97093164
97158905
97224493
97289970
97355340
97420551
97485659
97550626
97615446
97680128
97744684
97809036
97873265
97937355
98001284
98065078
98128738
98192224
98255549
98318747
98381772
98444625
98507356
98570007
98632495
98694827
98757012
98819002
98880860
98942594
99004228
99065716
99127061
99188264
99249341
99310264
99371029
99431632
99492056
99552343
99612481
99672516
99732411
99792206
99851857
99911378
99970746
100029981
100089081
100148056
100206924
100265611
100324170
100382594
100440840
100498958
100556933
100614765
100672422
100730000
100787407
100844627
100901696
100958628
101015407
101072058
101128579
101184966
101241197
101297290
101353255
101409107
101464850
101520441
101575896
101631196
101686325
101741298
101796146
101850850
101905409
101959848
102014167
102068351
102122385
102176267
102230006
102283601
102337028
102390333
102443496
102496549
102549479
102602315
102655018
102707579
102760016
102812319
102864464
102916502
102968406
103020129
103071699
103123133
103174434
103225581
103276560
103327388
103378082
103428612
103478994
103529226
103579311
103629264
103679046
103728678
103778138
103827447
103876676
103925764
103974742
104023535
104072196
104120747
104169166
104217444
104265598
104313637
104361563
104409353
104456992
104504546
104551947
104599168
104646255
104693207
104740019
104786702
104833231
104879644
104925914
104972039
105018046
105063891
105109574
105155151
105200599
105245926
105291138
105336175
105381096
105425897
105470549
105515044
105559419
105603670
105647787
105691768
105735627
105779334
105822893
105866276
105909569
105952710
105995665
106038471
106081133
106123665
106166063
106208368
106250521
106292528
106334401
106376195
106417867
106459407
106500812
106542036
106583134
106624131
106664986
106705705
106746285
106786727
106827026
106867176
106907174
106947043
106986767
107026379
107065817
107105125
107144317
107183381
107222340
107261155
107299820
107338350
107376767
107415024
107453175
107491200
107529058
107566740
107604258
107641626
107678893
107716031
107752980
107789799
107826468
107863028
107899420
107935651
107971738
108007689
108043530
108079234
108114835
108150293
108185598
108220752
108255767
108290613
108325369
108360013
108394505
108428841
108463043
108497111
108530982
108564722
108598340
108631821
108665153
108698317
108731333
108764213
108796976
108829621
108862170
108894577
108926877
108959002
108990996
109022890
109054658
109086290
109117787
109149164
109180365
109211484
109242456
109273276
109303945
109334468
109364873
109395142
109425234
109455165
109484989
109514721
109544291
109573707
109602945
109632104
109661114
109689960
109718622
109747131
109775515
109803756
109831859
109859831
109887655
109915318
109942822
109970194
109997408
110024495
110051435
110078232
110104880
110131384
110157779
110184022
110210171
110236155
110261987
110287717
110313312
110338854
110364237
110389487
110414604
110439558
110464409
110489098
110513703
110538135
110562414
110586573
110610572
110634397
110658036
110681540
110704926
110728196
110751319
110774284
110797098
110819785
110842362
110864759
110887002
110909094
110931084
110952913
110974563
110996044
111017388
111038602
111059744
111080756
111101618
111122370
111142980
111163482
111183836
111204029
111224086
111243984
111263750
111283411
111302957
111322344
111341589
111360729
111379719
111398577
111417294
111435880
111454326
111472632
111490778
111508786
111526694
111544491
111562164
111579710
111597107
111614408
111631563
111648586
111665457
111682168
111698753
111715209
111731550
111747739
111763819
111779760
111795567
111811252
111826746
111842105
111857338
111872400
111887346
111902143
111916765
111931265
111945627
111959852
111973935
111987864
112001685
112015382
112028978
112042422
112055688
112068847
112081858
112094718
112107440
112120048
112132506
112144807
112156949
112168998
112180917
112192690
112204372
112215949
112227361
112238606
112249724
112260724
112271532
112282171
112292645
112302962
112313134
112323200
112333125
112342903
112352531
112362045
112371396
112380615
112389725
112398689
112407492
112416150
112424651
112433008
112441210
112449314
112457296
112465119
112472801
112480394
112487830
112495102
112502204
112509162
112515982
112522641
112529156
112535547
112541775
112547888
112553868
112559751
112565518
112571134
112576568
112581877
112587054
112592061
112596946
112601703
112606341
112610855
112615223
112619429
112623536
112627463
112631282
112635017
112638578
112641992
112645269
112648394
112651378
112654156
112656780
112659275
112661615
112663796
112665867
112667788
112669566
112671226
112672789
112674186
112675438
112676591
112677606
112678462
112679138
112679712
112680155
112680428
112680587
112680589
112680429
112680156
112679787
112679245
112678575
112677799
112676911
112675874
112674745
112673459
112672010
112670420
112668718
112666848
112664781
112662606
112660297
112657874
112655338
112652695
112649943
112647051
112644000
112640789
112637447
112634013
112630448
112626680
112622782
112618750
112614550
112610218
112605778
112601217
112596522
112591685
112586753
112581700
112576503
112571138
112565583
112559923
112554132
112548198
112542136
112535983
112529711
112523273
112516719
112510061
112503250
112496348
112489315
112482120
112474843
112467414
112459864
112452147
112444295
112436297
112428143
112419840
112411374
112402721
112393971
112385093
112376061
112366879
112357578
112348166
112338630
112328983
112319205
112309274
112299203
112288980
112278604
112268076
112257424
112246611
112235664
112224589
112213403
112202042
112190576
112178972
112167213
112155364
112143361
112131197
112118903
112106497
112093935
112081264
112068445
112055497
112042405
112029141
112015710
112002169
111988476
111974603
111960602
111946429
111932117
111917703
111903192
111888539
111873774
111858822
111843766
111828551
111813172
111797670
111781997
111766207
111750258
111734161
111717937
111701582
111685131
111668564
111651831
111634958
111617966
111600864
111583603
111566212
111548689
111531044
111513249
111495364
111477291
111459145
111440904
111422499
111404008
111385394
111366638
111347692
111328616
111309369
111289962
111270395
111250615
111230724
111210697
111190553
111170258
111149859
111129344
111108642
111087781
111066825
111045715
111024483
111003107
110981602
110959984
110938253
110916368
110894367
110872227
110849980
110827609
110805114
110782500
110759738
110736849
110713851
110690710
110667464
110644099
110620568
110596902
110573102
110549175
110525128
110500941
110476666
110452262
110427717
110403049
110378218
110353240
110328129
110302847
110277473
110251965
110226314
110200524
110174581
110148500
110122250
110095837
110069270
110042551
110015717
109988760
109961642
109934397
109907024
109879536
109851863
109824079
109796179
109768122
109739944
109711602
109683099
109654465
109625679
109596771
109567727
109538545
109509231
109479802
109450226
109420548
109390722
109360748
109330625
109300340
109269941
109239416
109208757
109177996
109147108
109116088
109084944
109053642
109022187
108990601
108958847
108926948
108894895
108862681
108830355
108797879
108765258
108732488
108699563
108666477
108633243
108599865
108566396
108532764
108499001
108465097
108431044
108396874
108362585
108328122
108293547
108258850
108224024
108189046
108153939
108118708
108083358
108047832
108012166
107976375
107940443
107904382
107868218
107831908
107795490
107758929
107722278
107685475
107648494
107611397
107574160
107536771
107499241
107461570
107423748
107385782
107347645
107309431
107271100
107232614
107193977
107155226
107116316
107077277
107038070
106998773
106959312
106919719
106879984
106840128
106800118
106759971
106719685
106679271
106638743
106598072
106557256
106516277
106475179
106433926
106392547
106351032
106309367
106267552
106225615
106183530
106141341
106099002
106056473
106013797
105970992
105928064
105884961
105841729
105798364
105754871
105711260
105667531
105623630
105579619
105535481
105491174
105446753
105402178
105357495
105312672
105267676
105222560
105177302
105131899
105086371
105040701
104994852
104948889
104902828
104856592
104810232
104763763
104717158
104670424
104623518
104576461
104529268
104481945
104434510
104386934
104339239
104291409
104243436
104195351
104147144
104098791
104050262
104001626
103952840
103903904
103854868
103805719
103756428
103706996
103657451
103607762
103557929
103507936
103457823
103407577
103357155
103306573
103255839
103204956
103153927
103102778
103051460
102999991
102948381
102896640
102844760
102792732
102740561
102688241
102635831
102583302
102530634
102477850
102424908
102371837
102318660
102265338
102211873
102158285
102104585
102050775
101996830
101942731
101888520
101834166
101779647
101724988
101670184
101615276
101560199
101504988
101449627
101394117
101338451
101282660
101226719
101170643
101114450
101058143
101001705
100945157
100888431
100831542
100774552
100717418
100660113
100602705
100545165
100487447
100429577
100371571
100313400
100255125
100196709
100138139
100079396
100020516
99961529
99902400
99843116
99783704
99724156
99664466
99604630
99544685
99484585
99424357
99363989
99303446
99242816
99182067
99121232
99060284
98999185
98937947
98876593
98815093
98753461
98691675
98629750
98567645
98505396
98443037
98380553
98317954
98255195
98192305
98129249
98066074
98002761
97939309
97875693
97811923
97748053
97684016
97619811
97555525
97491098
97426499
97361756
97296830
97231788
97166586
97101285
97035793
96970155
96904406
96838561
96772574
96706442
96640122
96573696
96507104
96440347
96373446
96306427
96239263
96171945
96104472
96036878
95969190
95901363
95833426
95765359
95697177
95628820
95560329
95491675
95422872
95353933
95284835
95215610
95146212
95076697
95007033
94937240
94867316
94797286
94727078
94656765
94586301
94515703
94444936
94373979
94302872
94231591
94160158
94088563
94016858
93945012
93872997
93800870
93728565
93656155
93583589
93510855
93438006
93365012
93291899
93218652
93145257
93071744
92998139
92924420
92850536
92776541
92702376
92628075
92553655
92479093
92404412
92329600
92254630
92179509
92104291
92028915
91953388
91877715
91801915
91726007
91649947
91573770
91497478
91421079
91344538
91267862
91191055
91114084
91036992
90959750
90882364
90804825
90727152
90649336
90571404
90493343
90415172
90336883
90258451
90179871
90101123
90022184
89943156
89863987
89784693
89705270
89625683
89545986
89466143
89386141
89306040
89225809
89145411
89064880
88984211
88903413
88822506
88741480
88660289
88578937
88497481
88415894
88334145
88252284
88170308
88088178
88005913
87923546
87841050
87758411
87675633
87592694
87509594
87426349
87342982
87259493
87175883
87092109
87008172
86924089
86839862
86755520
86671066
86586479
86501787
86416963
86332022
86246963
86161760
86076395
85990894
85905271
85819477
85733577
85647508
85561301
85474945
85388431
85301789
85214993
85128075
85041038
84953862
84866568
84779149
84691583
84603857
84516001
84427986
84339792
84251496
84163062
84074454
83985732
83896833
83807805
83718660
83629332
83539851
83450245
83360473
83270541
83180507
83090333
83000004
82909561
82818988
82728301
82637450
82546416
82455224
82363933
82272497
82180899
82089161
81997252
81905164
81812968
81720623
81628148
81535525
81442783
81349916
81256893
81163712
81070381
80976922
80883340
80789633
80695750
80601734
80507542
80413195
80318719
80224136
80129435
80034575
79939554
79844401
79749137
79653762
79558270
79462673
79366909
79270967
79174889
79078672
78982301
78885760
78789087
78692249
78595266
78498181
78400980
78303583
78206007
78108316
78010516
77912563
77814469
77716219
77617821
77519314
77420703
77321973
77223108
77124159
77025085
76925861
76826509
76727061
76627468
76527755
76427922
76327895
76227748
76127459
76027078
75926575
75825934
75725143
75624218
75523153
75421954
75320602
75219101
75117477
75015722
74913839
74811815
74709654
74607359
74504914
74402325
74299628
74196781
74093783
73990624
73887388
73784022
73680488
73576813
73472998
73369008
73264907
73160682
73056273
72951719
72847042
72742234
72637279
72532195
72426993
72321661
72216186
72110589
72004864
71898957
71792909
71686693
71580339
71473864
71367250
71260512
71153627
71046645
70939513
70832250
70724886
70617398
70509775
70402021
70294108
70186060
70077836
69969491
69861036
69752447
69643712
69534838
69425820
69316720
69207470
69098080
68988558
68878898
68769106
68659202
68549130
68438907
68328575
68218052
68107391
67996543
67885597
67774487
67663224
67551785
67440251
67328569
67216746
67104757
66992633
66880407
66768057
66655566
66542915
66430126
66317177
66204120
66090930
65977626
65864224
65750680
65637026
65523223
65409282
65295219
65181048
65066733
64952304
64837752
64723093
64608318
64493454
64378416
64263249
64147955
64032529
63916966
63801235
63685355
63569319
63453143
63336847
63220398
63103809
62987105
62870196
62753172
62636016
62518705
62401247
62283662
62165910
62048062
61930083
61811980
61693775
61575422
61456937
61338314
61219540
61100573
60981435
60862159
60742758
60623232
60503571
60383828
60263956
60143971
60023904
59903675
59783301
59662809
59542172
59421392
59300494
59179424
59058222
58936873
58815392
58693737
58571933
58449970
58327856
58205623
58083241
57960681
57838014
57715233
57592316
57469241
57346047
57222720
57099221
56975583
56851802
56727854
56603737
56479452
56355034
56230436
56105738
55980922
55855976
55730937
55605777
55480481
55355059
55229460
55103703
54977834
54851809
54725681
54599425
54473013
54346509
54219855
54093095
53966152
53839097
53711909
53584584
53457121
53329504
53201735
53073845
52945809
52817632
52689331
52560913
52432402
52303774
52174946
52046011
51916883
51787628
51658213
51528659
51398982
51269149
51139172
51009065
50878832
50748498
50618069
50487442
50356683
50225756
50094676
49963477
49832147
49700711
49569162
49437466
49305634
49173691
49041590
48909340
48776984
48644489
48511823
48379045
48246136
48113103
47979925
47846636
47713185
47579632
47445926
47312120
47178184
47044132
46909930
46775601
46641124
46506518
46371794
46236929
46101853
45966642
45831292
45695838
45560257
45424483
45288571
45152549
45016367
44880055
44743598
44607017
44470302
44333419
44196394
44059221
43921898
43784427
43646793
43509025
43371110
43233041
43094805
42956428
42817927
42679315
42540570
42401681
42262665
42123519
41984195
41844774
41705208
41565512
41425689
41285729
41145638
41005379
40864965
40724405
40583696
40442864
40301867
40160783
40019564
39878181
39736684
39595064
39453292
39311392
39169359
39027153
38884797
38742264
38599587
38456793
38313827
38170682
38027406
37884015
37740512
37596859
37453079
37309154
37165075
37020858
36876490
36731984
36587356
36442557
36297647
36152599
36007376
35862035
35716546
35570970
35425216
35279305
35133248
34987058
34840733
34694251
34547653
34400912
34254046
34107077
33959988
33812736
33665347
33517818
33370211
33222462
33074572
32926513
32778331
32629983
32481521
32332918
32184175
32035328
31886320
31737186
31587882
31438482
31288922
31139236
30989364
30839316
30689168
30538879
30388486
30237950
30087260
29936433
29785466
29634382
29483197
29331854
29180388
29028807
28877088
28725226
28573231
28421117
28268881
28116495
27964003
27811332
27658495
27505520
27352396
27199122
27045692
26892122
26738415
26584614
26430677
26276618
26122397
25968047
25813552
25658904
25504185
25349357
25194387
25039333
24884120
24728772
24573306
24417693
24261948
24106061
23950015
23793827
23637521
23481057
23324489
23167817
23010980
22854015
22696899
22539618
22382206
22224649
22066945
21909100
21751171
21593124
21434898
21276512
21118013
20959364
20800593
20641695
20482659
20323487
20164162
20004688
19845094
19685393
19525577
19365617
19205499
19045225
18884790
18724245
18563559
18402733
18241761
18080646
17919379
17757944
17596385
17434674
17272802
17110805
16948618
16786291
16623824
16461237
16298493
16135618
15972603
15809503
15646296
15482959
15319504
15155915
14992139
14828208
14664127
14499910
14335545
14171028
14006413
13841681
13676815
13511806
13346682
13181396
13015955
12850386
12684682
12518824
12352831
12186687
12020389
11853956
11687405
11520729
11353934
11187004
11019938
10852726
10685353
10517845
10350194
10182420
10014499
9846447
9678253
9509974
9341544
9172963
9004246
8835395
8666391
8497235
8327918
8158457
7988871
7819150
7649272
7479282
7309210
7139037
6968808
6798554
6628348
6458302
6288554
6119337
5950918
5783589
5617693
5453536
5291358
5131342
4973627
4818267
4665280
4514680
4366472
4220660
4077248
3936240
3797640
3661452
3527680
3396328
3267400
3140900
3016832
2895200
2776008
2659260
2544960
2433112
2323720
2216788
2112320
2010320
1910792
1813740
1719168
1627080
1537480
1450372
1365760
1283648
1204040
1126940
1052352
980280
910728
843700
779200
717232
657800
600908
546560
494760
445512
398820
354688
313120
274120
237692
203840
172568
143880
117780
94272
73360
55048
39340
26240
15752
7880
2628
