4023
9071
779
7391
7686
5032
7983
7529
9245
2986
2696
3212
8062
6128
3513
2073
5740
2744
3559
450
1976
8901
2107
2807
7575
6702
7585
1726
9080
3315
1624
710
5328
9409
9086
9301
1077
7560
674
3222
8754
5763
4069
7091
206
1081
6911
749
5312
3706
9213
2625
7448
8088
3749
3762
8134
8126
8705
2462
3356
2551
2678
6475
9138
1573
1566
7144
4210
2206
2770
1664
6630
7316
1598
9253
7367
9305
1491
7202
2684
2630
6137
1546
9334
9909
2182
980
8448
5377
6363
3370
9726
7255
4285
3959
7021
9471
156
6753
9342
4243
5045
3184
6479
776
6218
2761
1093
8862
503
3151
2592
7770
5457
3096
5249
1803
3462
7153
7396
3102
9559
8032
6415
8394
670
2720
188
8548
2423
9484
8553
6925
9347
120
7150
2258
8163
4658
7832
6584
6007
1976
8911
651
2716
1773
8525
5738
4979
2223
3929
8771
2237
8901
1134
2882
1807
4676
1142
2689
1201
7548
3532
8207
4649
8209
4413
8650
9331
6190
5831
8110
8539
3453
877
4748
6384
2844
7407
988
847
2975
1013
2975
625
4615
5660
9664
4039
8798
8851
5641
7426
4106
1795
9947
9394
1608
395
1503
6642
7565
7746
4359
7098
7831
7828
8202
3848
7321
701
207
1306
6536
2927
4320
578
622
1348
3282
7075
3755
2846
5976
6774
9242
5202
303
5698
8294
9655
2321
8959
7039
1498
3926
6247
1237
8961
4613
6915
3174
3617
9247
9309
7918
4296
9948
3331
6149
9703
2942
5874
3094
6630
6100
8305
3797
5404
7890
6216
8541
1490
5876
5162
3673
4260
4666
2115
83
3449
8019
9728
6834
7561
9195
7569
801
8850
2277
2220
454
4427
7736
5976
8464
2323
934
5815
9103
4379
1682
6632
4584
3792
7037
8871
2349
7810
7520
5239
86
8943
9889
5394
778
2578
9614
1849
6769
9424
4063
7702
9392
9827
176
8657
5559
7431
3084
3404
8697
5244
1066
1449
6498
7250
8168
2952
7153
5803
1672
5537
8702
5718
8259
5596
7932
4972
3043
3805
6156
1637
9644
6273
7989
3859
5819
4830
1597
4338
5866
4522
5993
6241
4894
238
3507
2050
2320
5373
1533
3707
4364
803
9814
9430
778
3036
3458
499
6316
9942
331
7028
9183
3889
6273
8026
2670
2339
3689
919
672
1694
1841
7453
7490
7440
3921
274
9308
512
7938
7157
7108
9565
8210
1207
9165
338
2957
5034
2438
9033
6011
1627
6351
6919
4610
544
9646
9257
359
6160
7262
9238
4061
8081
2157
2342
1016
7777
187
944
4585
2897
1820
7918
2673
8949
2005
2337
1020
5087
4649
8343
2290
4370
3445
1868
2552
3161
183
7535
5254
2950
2885
1213
5896
4453
6384
824
6201
8909
3353
2658
8478
8253
5883
237
6437
2313
482
7005
9078
7546
4284
5742
8217
7390
9451
3579
2765
2687
8587
2681
8708
9016
693
326
7770
6309
3282
189
4312
5248
6390
863
2982
1168
4438
715
96
3726
6244
8414
1727
7364
5627
6324
7202
1932
2172
9689
192
6865
1940
6312
6267
7521
7830
8356
7012
379
4694
5753
444
8799
3204
2868
1464
969
4385
7797
5497
9455
1517
3793
9438
5152
1630
6792
8800
8902
7928
1421
8267
161
6659
3670
3769
7482
9281
6154
3877
932
1313
4750
1306
6540
8103
8418
4996
4056
5457
4643
2505
7605
6318
7372
1432
6216
8302
4394
6822
2065
9703
5565
7065
3152
3482
8725
3378
9123
3745
3874
1845
2393
1082
2090
4004
785
9249
493
1539
3444
6832
9552
1528
4742
622
4191
9346
2129
2595
1437
3238
785
9533
6073
4306
8262
5704
9327
3239
3259
1941
4449
4758
1394
3733
9591
1675
9056
7486
8648
8710
6491
6083
9959
3752
9285
4547
6075
6735
7263
3809
6465
6970
9171
2304
970
3958
3411
802
5615
138
7988
2340
8745
878
4748
4046
9737
388
9194
2667
1267
7497
5236
3457
9521
5191
5016
6796
4583
1842
763
1980
5685
4460
6310
6428
8695
3505
4258
7584
2816
7882
3467
7050
209
1583
3620
7803
9119
676
5976
2579
717
6880
7588
196
2171
7311
1073
9326
6266
1526
5460
4969
8658
8477
6959
4053
4134
4617
9433
4455
3556
7971
3839
1193
5656
603
5349
5598
6207
3135
4607
3880
8361
7371
9904
280
2142
6794
5337
757
3345
667
5522
3074
5444
9554
3370
4498
6426
770
4676
1687
9619
7410
422
2382
4387
7461
1981
9920
9695
7331
4376
5744
5057
2874
8643
5586
5788
861
2973
7130
7936
8160
8807
5846
1344
680
5014
9000
3975
2427
972
3206
253
2687
1505
1414
3359
980
9624
6768
6521
6217
5131
7982
1058
2140
7121
5100
2056
1483
4758
8326
4530
2257
573
3049
1550
2990
3519
548
3083
9800
1822
8809
3280
7107
7038
3395
8075
4560
7820
9150
3998
3065
4983
8901
6433
548
5808
4367
9611
1217
7541
6580
4420
2371
894
2347
3905
8703
5668
6423
679
9510
6597
3716
4868
538
5416
6508
1379
8855
5924
105
4913
6825
3471
7823
996
2615
8183
4590
2025
3751
3506
3503
5520
5261
331
3578
359
1311
1093
9968
2067
6864
9121
1884
9479
5913
5652
3912
9287
1750
5627
339
4624
3358
9857
287
5990
6463
9553
5442
9502
8397
4399
8165
9301
7144
1148
8514
109
1161
2667
8921
2462
6544
5892
6902
7696
9207
9110
4865
6594
140
3096
9445
1952
7692
8542
6000
2902
8602
7069
4049
5123
2110
2786
3569
1318
3142
1979
3640
8776
2617
6569
6254
7085
4798
6077
5106
8584
4828
202
5017
8078
1746
8839
9163
7023
87
783
258
5744
8882
9849
5712
5349
8370
272
6215
891
9294
5818
8464
4111
9230
1600
479
7166
9423
6916
1718
8111
6616
3684
5087
916
4277
6012
9764
1857
7212
5239
9312
5674
1849
769
4764
3315
5367
371
7341
9566
1085
5734
1585
1989
6223
4582
2684
5420
4408
3711
4958
4019
5372
1280
668
3706
3900
8696
6802
1909
1194
3697
4195
8568
2792
6664
363
3745
8442
3549
3127
7233
8378
5779
7666
5339
8525
2610
831
6836
6384
5735
4316
3080
6594
9548
7269
8729
8788
4046
5656
6792
5813
8522
2814
7036
8524
3100
7029
3031
5703
7141
2048
1160
9859
6326
9184
6451
4838
8677
6926
1813
1148
9827
8150
5640
9970
1713
1943
8830
2505
6711
7849
5893
7615
6139
295
9295
2636
437
6428
983
9185
2343
7393
3197
874
6536
3600
6751
1146
574
2513
8026
4327
209
9875
1408
6971
7985
9830
788
7008
500
948
4921
6921
7187
1675
5582
6013
6248
4339
93
9073
1369
4998
1388
3082
5558
1176
3823
7152
6093
2776
8684
6459
7243
6675
4743
7172
1724
1997
8563
1330
1841
3727
2630
4619
8006
2614
4654
496
5273
6620
2059
5550
639
8299
7625
7399
1864
4717
1400
9031
518
4700
7079
5614
5801
1613
539
2771
8340
7920
942
4237
6797
5484
6206
5671
104
6523
3966
4866
1990
5630
6079
9794
6198
4567
570
6875
4178
1708
7739
5500
5723
8780
1538
3447
6185
5598
800
5850
3330
6979
3704
7928
5494
815
9880
3893
155
8356
1654
7634
9239
3851
6594
811
4018
6330
7266
4101
7873
6440
4559
3918
8196
8494
2796
1536
2652
2053
5218
5058
6788
1279
2969
7850
6031
2212
2551
8043
9010
7077
6357
5536
3169
5336
264
5233
1400
495
1237
6797
2738
4776
135
5795
560
8968
9181
2723
4387
4958
1361
9917
9481
6303
2908
4749
5491
3365
9745
4157
3093
8587
3089
5455
409
2626
6891
3491
8907
5723
9414
7129
9497
6750
6363
3647
7405
8229
5426
316
313
3507
1207
2240
2316
6355
645
1032
5288
9694
720
4850
1353
3685
5254
5861
9704
2988
6832
9615
6856
8507
1338
1714
7224
4581
4051
8950
8294
5647
5914
7575
3437
8545
4974
1521
7993
9748
5111
8302
3933
8087
868
6049
2088
6908
4580
8806
7382
8957
6587
9216
6279
5386
2739
1369
5836
6407
7913
354
6444
4957
7546
128
1218
6438
5168
5594
5494
1670
3434
8125
4917
3103
9066
5828
9961
3520
5084
9395
1893
4199
522
395
7744
5875
8791
1439
846
4994
3959
6690
6204
6217
1229
9285
9491
410
6779
9519
233
3985
2349
2810
5157
2439
852
213
9696
7923
7588
9192
5559
8453
3388
8066
4213
3983
4779
4545
4554
7122
6315
7321
9325
8596
2371
6606
1360
1760
1575
8499
7946
2489
1474
3617
5452
4541
9120
8670
218
9999
4546
6147
7771
9531
8482
5793
8909
6159
8153
7703
3792
6404
13
2532
9339
2326
5343
6796
6525
1807
8005
8894
1489
4929
8437
436
2463
3159
5485
4125
6419
4145
6727
4189
132
9302
6659
8435
7068
4237
6331
3211
2744
9842
5184
6235
8439
4501
2306
5628
3099
8735
6404
7055
4658
3619
5958
4169
6335
4709
7517
3850
3304
4308
2072
8426
7353
9705
5098
267
5107
631
3265
9959
2447
9159
658
839
7128
7729
4070
9788
2852
8887
4249
2694
4937
5522
9111
4720
3554
9706
4057
2176
1298
2697
3396
5223
7296
3804
6187
6067
8797
3393
3348
9854
9279
5559
5588
3876
7583
5536
4435
2686
8815
4824
6887
800
5365
4328
9337
6563
8733
319
3186
6958
7702
5929
3354
3404
4935
3929
8858
6404
5126
2560
4868
4426
522
8737
5978
3897
971
2073
2006
4564
9898
1673
2383
6795
162
1554
7427
3721
8992
2825
8537
7272
9437
2734
2401
9604
1801
4421
6369
1325
4613
840
6778
2446
1376
9992
1667
7398
3040
4947
4157
9408
4033
899
9468
4291
9418
1808
990
4035
7940
4213
7783
5886
3937
4138
7038
8862
8382
506
8610
8370
287
4764
6217
2829
4186
5043
5971
5163
335
3150
172
5475
2285
9903
2094
6473
9779
8427
1143
8868
7631
9561
1405
6055
3448
3326
1895
8963
2630
9000
9149
8711
3248
1800
1882
9011
6773
2028
4134
5632
9765
801
2330
9060
2285
6185
1686
9493
5775
7676
2340
4981
1701
2504
4363
3609
285
9082
2991
2923
6126
3790
747
6588
927
2290
7458
7172
7105
6133
9015
4747
2183
285
4331
4859
6277
3142
3251
9983
7104
2901
325
2624
8449
2606
3160
3862
2032
8014
9894
7428
8880
9280
2696
3157
9917
8081
2868
1580
8835
6994
7429
4910
7160
9624
7941
3717
6588
5593
5528
1905
5838
7914
6920
1897
3781
9264
374
5864
8893
5669
3196
7117
5935
5276
5105
5675
9419
4905
5322
8489
9302
3148
4121
5308
614
5545
3490
3202
1239
8056
7947
4855
2044
2349
5118
6387
2864
6527
3034
3494
9872
5314
8668
5236
2272
148
836
278
6316
2237
2598
2426
3407
6985
7413
8406
5327
9068
1961
1950
3435
8882
1047
2491
2430
9356
9265
9214
1282
6072
8272
2168
9935
6123
5965
3800
365
7645
4271
3542
1810
2679
7664
3655
3143
9356
6796
6707
9101
9484
9844
1188
4014
9568
1492
6033
5011
7993
3429
9327
1259
3354
729
2485
4094
5776
3584
2301
5099
3071
1168
4278
8845
4946
3895
4835
3860
3888
8371
9128
6934
8099
2905
8735
3670
3573
7145
1732
2931
1309
8030
2590
7453
8995
7090
3827
8165
9977
7870
6442
279
9174
2477
6401
1344
7198
8827
821
3667
4055
8877
5633
683
5752
8339
1189
1378
1542
2028
1137
5809
5555
7979
1934
7428
6853
5648
232
9110
4455
1471
4489
5016
554
392
4628
3372
6072
1744
6327
5567
714
38
2114
8053
2119
6384
2193
330
4650
9332
7831
9544
7085
2889
3942
3554
969
7343
5028
3267
6476
1517
8453
6488
6989
3354
463
3601
8240
5795
4664
2032
4175
9476
6866
6144
7714
3690
3968
2731
7831
3519
9857
8204
9456
619
1343
7602
6383
4870
8201
8980
5022
8578
1210
5219
4852
2783
255
8363
4130
7498
9132
1373
7244
51
3920
3523
7143
3298
9597
1782
3222
6980
3825
3258
3986
3895
314
3082
6077
6167
2542
9773
592
4153
5906
2788
397
4625
4703
3357
7376
9098
1457
7121
5082
1017
8163
4552
9627
1015
1652
8154
678
537
5144
1963
18
7575
1749
159
3513
5160
5700
6858
4941
3194
3013
2220
4580
2130
9377
6771
1858
9917
3329
8350
1314
9376
2132
3990
1405
5146
8169
1007
3606
9260
3632
8627
6164
6284
5850
4102
6433
5484
2262
9220
6796
5670
4111
8021
1649
9178
6302
9385
4241
6141
6501
7978
2443
2295
2369
8228
8544
6464
6536
2804
8058
424
4830
1856
1526
6788
6668
9729
2735
588
9387
2552
5502
341
3252
5928
1499
4086
5483
7943
4398
1596
1411
1489
5134
9157
382
5013
724
606
9467
2271
8574
8289
5586
1826
3885
3273
3933
599
1873
7868
7613
5480
6941
191
9090
2009
8176
8472
4766
6949
571
6958
996
1156
5840
5976
6393
8696
8174
3305
4158
9412
8481
5354
798
4716
9207
3288
8223
8288
1262
3005
655
7705
9871
9010
3824
1436
975
4172
5420
3296
850
4663
3481
1651
5645
35
3797
2883
6927
5653
3490
510
8549
3380
9185
1381
3644
52
9379
3611
8438
5645
1405
2588
5628
8288
1262
5076
3531
770
8653
1441
4253
2349
6125
4609
1705
2023
2154
8923
6407
4538
5938
4302
1964
8570
6999
9775
4974
1400
3092
3785
9799
9956
3004
704
1598
1573
9401
6664
6083
9116
1880
3285
7931
6698
5960
3757
1511
6896
9171
6413
4020
9546
475
9820
6016
9596
5739
1670
1182
4870
9732
5678
3684
142
5052
301
6865
5334
3391
3990
9394
8607
8677
5759
2051
8834
8871
1467
179
5668
3688
316
8978
9399
8802
4471
7354
189
301
9903
2330
8807
4602
6196
2111
2696
7098
1807
4166
7632
2322
9960
1808
2835
9548
1496
456
8489
7674
255
334
6601
4134
4063
5746
7960
9992
1571
7555
5195
930
4628
9392
7361
9611
1202
4431
6903
8676
318
8111
8478
150
7180
8515
8139
3138
3967
7793
6733
2454
266
6907
5566
180
4423
6317
865
3677
1343
6718
742
9843
5148
8138
2352
3721
9194
1421
7925
502
7925
406
5097
2628
9453
632
802
5169
779
8965
8706
4887
9005
2737
8202
7349
8695
8629
1888
3949
2240
7993
7239
8815
3198
8655
4944
8813
1393
8406
8420
6462
4132
2838
3395
5305
3762
1379
1946
8441
2173
6437
1790
3116
6164
3822
8356
1529
9662
4747
535
8457
848
7959
2422
3735
5834
7646
5775
3643
7560
6575
7159
4421
1341
5662
6485
7226
6198
2976
1764
7895
7287
6988
2015
8207
5578
6766
9188
4148
5156
769
9342
5687
49
2513
1807
3780
9406
924
8304
1261
2607
561
3367
948
6064
8722
5633
1150
7726
678
3138
6934
4015
1380
8064
1416
8474
5952
1931
263
7969
8363
7362
136
1473
9704
5502
3262
4805
6603
8152
7194
3383
1864
984
9223
9797
5117
717
7624
6213
9653
5890
437
2339
5406
9321
52
3281
1447
464
7541
9282
7467
494
6655
159
9433
8811
9127
9022
3276
6110
926
8629
1443
9582
9192
1406
7663
5631
5448
4571
9913
4510
7086
9011
1727
6517
7551
6017
444
6687
2789
1161
7541
4525
2597
8551
5887
7504
7292
6102
2183
5865
3695
1760
7024
2658
2953
3300
9526
764
8627
5017
5607
5790
7834
3282
1208
8959
2504
9748
2921
1188
6917
6767
3590
2835
3107
9221
4235
920
82
6263
2906
3109
4331
6949
2749
962
4854
4259
6493
9570
8670
5852
9347
1982
5374
7307
204
7268
9757
6522
7889
9064
6895
3905
8697
872
9333
828
6219
5923
9808
8695
1055
3223
9766
7256
1297
808
7757
7245
5475
3059
8334
5269
6893
9482
8819
8361
7376
8699
6009
8248
7022
5681
9539
4353
3503
1768
6008
7010
7599
853
3046
6287
6417
6256
5415
7554
4017
3962
6378
198
1421
3443
4273
9925
9906
8940
6575
9105
1686
6720
8787
5725
6090
1520
5665
161
5722
1027
6942
1071
7801
8858
3983
3925
3182
674
7624
7107
9514
6536
1345
6263
1431
409
9232
9264
2500
5823
6162
2376
6119
7308
3034
1754
2516
4896
8688
2821
2609
463
3510
1021
9511
4260
261
8086
7750
3445
3431
8953
2694
9524
4084
8694
7315
6780
5390
6858
8991
5631
5875
3852
5865
191
5495
6549
6870
7351
7354
1567
2960
6756
1411
5133
357
9762
3437
7156
5130
3012
1683
4770
193
9804
4117
584
5014
10000
8910
1342
81
4716
7258
4961
9776
8563
6593
7482
2251
6990
6910
5006
9149
3892
5918
4381
2005
9466
8451
5647
5184
4246
5111
377
4676
3733
6098
706
3193
3369
4093
3079
9199
6362
8698
2384
9602
5876
5460
4915
2888
9680
5069
2823
9091
7854
7220
6618
7487
9265
5552
4072
1456
9453
6427
3166
8847
9982
2850
2149
4231
5285
3283
2923
3332
9262
9465
2094
7023
2284
7084
2261
6729
3729
7501
5547
5408
3056
9280
1575
7935
6906
4597
7917
1705
6239
5966
7868
441
524
17
1731
8063
1777
1543
8380
8895
3751
7193
1819
2807
2811
7517
8213
8847
6381
8251
993
7890
9482
9571
1586
5813
4840
2360
6304
3139
2451
7323
4873
5007
400
9625
6936
4700
1016
1065
6937
6353
310
9850
3269
1070
7169
5206
9209
4080
4062
3361
1175
4008
4808
2651
6990
8272
9893
5674
1847
3402
3186
1160
1822
9820
7740
242
6025
5950
4756
8373
7276
2483
8416
2888
9264
4454
7322
9438
6925
7330
9828
2294
853
6959
1490
2284
2888
3121
5179
2685
7678
1035
7230
3777
936
9756
4045
4366
6457
7468
4124
2154
2474
7827
7544
3880
2310
1885
422
8890
6070
1362
2262
7254
2240
399
3720
1405
7717
4619
5363
8693
1761
1293
8957
2683
3152
6781
5148
2499
1590
8059
9585
444
5054
6595
7876
8878
1546
8743
2486
4093
4981
334
9389
200
9785
5010
2214
113
5241
7481
6457
8920
3343
8204
3847
2796
2471
3185
766
7052
5425
3746
3399
9618
9063
7341
5202
3404
7178
8870
5103
1583
8099
9784
9816
63
6701
4191
6585
7041
4114
173
6438
9934
7716
6181
5611
8497
1585
1670
2827
2050
8489
765
9639
9330
5987
6669
4134
7741
5071
2017
5306
7607
5283
347
9733
4023
2436
487
7882
726
6268
8040
9605
5376
3385
454
6652
5285
8901
9790
244
8290
158
2321
1834
2476
5746
6172
6405
5982
5252
2409
332
261
7060
1608
1912
5124
9247
9860
3858
9333
2910
4262
8931
5129
2216
71
44
7537
2156
1937
2926
9670
5804
387
7563
6916
2593
9138
219
6866
4740
6979
4225
1843
4445
3500
5489
4179
106
4284
8734
5416
7333
8660
9864
470
3173
4904
2229
1639
5170
8210
9799
7301
4198
4408
5782
6129
1644
2087
6183
1800
3936
1795
4489
9288
5874
1425
3397
5342
6321
4561
9832
6604
4578
9278
6637
4248
7161
2465
9828
304
9400
7435
4675
7324
7624
8132
846
7926
112
2864
2806
7978
5435
4055
3016
5999
8514
373
9031
6943
6747
1484
6262
862
7526
6938
7557
3412
2505
7574
6498
1210
7282
5322
5712
8384
2546
6017
2138
3516
1340
7373
3125
1736
6675
9832
6290
5564
3969
497
2452
1118
8765
4670
6074
3677
1362
8867
3042
861
5732
4904
6002
5997
3282
8001
2259
9939
7925
5951
2450
6496
9612
1934
6087
3553
8583
4868
4537
1751
5996
8293
4298
5262
9135
4629
6431
3597
8947
8424
4778
7830
4137
1224
4015
1851
653
7149
2632
1257
2309
8967
6151
1385
9271
4227
4639
5692
9099
7068
4149
870
49
4309
2247
3410
1056
6894
1706
2258
6426
6145
5408
6922
276
5602
7971
9811
7095
6957
1741
2552
5800
3889
4457
6595
1985
4695
2770
594
5386
934
1039
142
5576
5610
7274
2268
8116
1425
9917
9987
3888
8901
7475
1477
442
2173
5692
2366
5180
4272
2651
9150
9680
8130
7015
6236
5123
8083
5622
5405
3789
3452
7926
4900
8250
24
8265
7731
9148
7906
4716
9426
6408
2642
117
7816
9789
5176
7345
6963
9898
962
560
9172
18
4313
6957
710
3420
5270
8265
5739
347
5274
4772
4574
9804
848
1625
7628
1954
2586
1923
4948
7579
6074
3861
2437
3913
7287
4340
1808
2236
8439
5131
4244
835
7453
6064
4503
1768
4523
3790
8044
7688
7288
9648
6546
2253
9426
8136
6488
3601
1585
6758
3088
8324
221
7126
7171
5802
8940
1212
5312
1794
8140
4750
5026
5176
6202
4411
1757
7759
5902
2675
4487
1943
9686
9259
7622
8220
4960
6273
603
7893
9109
292
557
7176
6004
4725
2299
9218
917
3650
160
845
1076
2299
4554
4132
6430
1440
9896
4636
3362
7022
9323
7996
1458
7989
4017
4788
777
3346
791
3342
5913
5195
319
5848
5518
4370
1647
5157
7880
9072
1883
3369
6476
4488
4099
6017
603
4295
4711
2663
4629
4337
8249
9513
3675
5848
2477
4702
2405
4014
6864
8696
6602
5038
367
5961
1913
2536
5328
5175
3139
500
768
1660
3293
3368
5555
1974
1883
3130
9765
7693
3732
3307
6959
9236
8218
2552
2411
3629
7916
9546
7750
1371
4879
953
2728
6759
8937
7638
4920
6068
4182
7086
2227
8021
6162
7533
6688
3335
8824
2653
857
7663
6069
2149
2821
9058
7615
9225
6655
6601
7709
6393
441
6030
1245
8664
9583
1432
4504
6387
5100
2410
8961
6846
8880
9828
3874
6669
3904
2363
783
2519
5039
7351
7585
3697
5598
80
7255
7551
8175
1352
3921
9837
3222
9137
3475
2020
3358
4108
7720
5079
5016
6185
7798
3691
4433
7708
2198
2278
9915
4267
4917
1940
9223
4148
9492
7839
7166
4627
7626
4633
7124
9842
9457
6331
9628
5814
6167
8339
1757
909
2436
6001
2796
2288
8001
882
3152
5058
5483
2877
9343
60
3958
4833
3585
3786
2814
107
5474
8245
8733
4507
8788
3371
9044
8881
1866
7462
5301
1581
7152
4003
4747
8563
9653
1755
8928
1299
2199
3277
1051
1529
461
6078
8743
1383
4505
2334
2614
742
9041
2059
455
7457
5888
504
8329
5395
7377
4799
7579
3793
8980
5869
7331
9454
1967
5191
611
5805
3346
2193
6215
8048
2682
3849
4766
6736
5251
1679
9671
366
3929
597
6826
5009
7560
529
8344
6629
7911
9816
7111
7452
7746
3928
6688
1557
2076
5180
4332
9172
4327
6705
6377
2922
5970
9912
324
3076
4908
5486
6668
7944
3762
3385
5548
99
8832
6553
657
8237
3196
318
8205
8187
4428
4255
6970
7517
3609
7521
4142
7483
4643
3861
4362
2026
452
9306
1979
4596
2838
2644
5280
8357
847
6268
1631
2326
2896
504
1762
9843
8063
1891
7534
9870
6538
801
6351
7015
8500
2165
4363
7607
2506
1187
5734
4008
8014
4541
9412
555
3758
2953
4171
8362
3849
9018
7350
2549
6815
617
8404
1592
7403
3355
8693
3310
3555
2237
35
8323
2970
3748
1825
1521
8441
8492
3778
1134
8898
4734
7857
733
8116
1852
7074
5547
7776
7308
727
1139
5319
7550
188
7412
2847
768
2745
2390
5963
7927
706
9891
2514
8771
9655
2082
306
2037
3198
8744
5547
6861
3370
2793
2143
7228
8004
7487
5163
8575
8869
7298
5580
3748
4659
2918
4555
5086
3607
3581
2948
7443
6688
6129
9138
2197
8761
2777
3794
7464
4756
227
9013
927
2108
3568
7872
7508
5022
9907
7205
5858
7141
8300
269
4871
9278
3115
77
2791
8609
7957
417
829
6574
4149
8669
4324
3777
3258
8772
723
4736
7009
8517
1838
802
2549
8084
641
6553
1345
6945
2853
1501
7773
7932
4151
58
2530
7168
9532
3849
6124
7308
866
1403
2539
9411
2327
301
7857
4789
5315
9111
5208
8909
7514
8725
6799
9636
3844
5895
3765
9466
1006
826
8704
8718
8733
5674
4503
8262
5653
3096
1549
9762
6142
6704
2911
6811
4886
4400
1374
9820
4845
4876
918
3136
6003
3848
6260
2548
5641
6058
8616
2029
7368
4856
2878
5824
9904
6647
7838
5348
8882
6053
8954
3207
6719
8892
6072
6490
4291
5787
5880
6508
6433
5562
9308
789
6165
7752
9460
8353
8219
7506
4380
1754
7422
901
1873
3958
6605
9400
2694
344

